version https://git-lfs.github.com/spec/v1
oid sha256:853108b6e8651a8883b8d2f4e0ab3fd89fff815e120dad93f26ffa1a359bb9ac
size 409728
